7.425236105918884277e-01 3.828391730785369873e-01 -5.496303439140319824e-01 4.397444128990173340e-01
6.693434715270996094e-01 -4.550211131572723389e-01 5.873110294342041016e-01 -3.633082509040832520e-01
-2.524822205305099487e-02 -8.039844036102294922e-01 -5.941143035888671875e-01 3.933073282241821289e-01
0.000000000000000000e+00 0.000000000000000000e+00 0.000000000000000000e+00 1.000000000000000000e+00
-9.505109190940856934e-01 8.836307376623153687e-02 -2.978587448596954346e-01 1.278452873229980469e-01
3.105004727840423584e-01 2.367986291646957397e-01 -9.206059575080871582e-01 7.227573394775390625e-01
-1.081489678472280502e-02 -9.675321578979492188e-01 -2.525172829627990723e-01 1.948238462209701538e-01
0.000000000000000000e+00 0.000000000000000000e+00 0.000000000000000000e+00 1.000000000000000000e+00
-7.816268205642700195e-01 -4.507281780242919922e-01 4.311645328998565674e-01 -4.434825181961059570e-01
-1.922799199819564819e-01 8.317005634307861328e-01 5.208671689033508301e-01 -4.440781176090240479e-01
-5.933694243431091309e-01 3.242195248603820801e-01 -7.367464303970336914e-01 6.322152614593505859e-01
0.000000000000000000e+00 0.000000000000000000e+00 0.000000000000000000e+00 1.000000000000000000e+00
-1.077425330877304077e-01 2.560146749019622803e-01 -9.606487154960632324e-01 7.989770770072937012e-01
-1.573400348424911499e-01 9.497058987617492676e-01 2.707446515560150146e-01 -2.375179529190063477e-01
9.816502928733825684e-01 1.803194135427474976e-01 -6.204223632812500000e-02 2.931795641779899597e-02
0.000000000000000000e+00 0.000000000000000000e+00 0.000000000000000000e+00 1.000000000000000000e+00
