7.425236105918884277e-01 3.828391730785369873e-01 -5.496303439140319824e-01 4.397444128990173340e-01
6.693434715270996094e-01 -4.550211131572723389e-01 5.873110294342041016e-01 -3.633082509040832520e-01
-2.524822205305099487e-02 -8.039844036102294922e-01 -5.941143035888671875e-01 3.933073282241821289e-01
0.000000000000000000e+00 0.000000000000000000e+00 0.000000000000000000e+00 1.000000000000000000e+00
-9.503220319747924805e-01 8.859034627676010132e-02 -2.983936965465545654e-01 1.282657831907272339e-01
3.110760450363159180e-01 2.367964982986450195e-01 -9.204122424125671387e-01 7.227160930633544922e-01
-1.088092476129531860e-02 -9.675118923187255859e-01 -2.525920569896697998e-01 1.948493719100952148e-01
0.000000000000000000e+00 0.000000000000000000e+00 0.000000000000000000e+00 1.000000000000000000e+00
-7.815741300582885742e-01 -4.510109126567840576e-01 4.309642910957336426e-01 -4.432669878005981445e-01
-1.926677227020263672e-01 8.316056132316589355e-01 5.208755731582641602e-01 -4.440574049949645996e-01
-5.933130383491516113e-01 3.240700364112854004e-01 -7.368576526641845703e-01 6.323030591011047363e-01
0.000000000000000000e+00 0.000000000000000000e+00 0.000000000000000000e+00 1.000000000000000000e+00
-1.071655377745628357e-01 2.573257982730865479e-01 -9.603628516197204590e-01 7.986982464790344238e-01
-1.573861241340637207e-01 9.493569135665893555e-01 2.719389200210571289e-01 -2.384376078844070435e-01
9.817060828208923340e-01 1.802904754877090454e-01 -6.123869866132736206e-02 2.870946191251277924e-02
0.000000000000000000e+00 0.000000000000000000e+00 0.000000000000000000e+00 1.000000000000000000e+00
