3.219537436962127686e-02 8.198758959770202637e-01 -5.716351866722106934e-01 4.015507996082305908e-01
9.955756068229675293e-01 -7.681805640459060669e-02 -5.410547927021980286e-02 -7.569094304926693439e-04
-8.827134221792221069e-02 -5.673632621765136719e-01 -8.187225461006164551e-01 4.351759552955627441e-01
0.000000000000000000e+00 0.000000000000000000e+00 0.000000000000000000e+00 1.000000000000000000e+00
-6.669560074806213379e-01 -5.795722007751464844e-01 4.682583808898925781e-01 -3.374877572059631348e-01
7.409923672676086426e-01 -4.500576853752136230e-01 4.983761310577392578e-01 -4.302148222923278809e-01
-7.810197025537490845e-02 6.793704628944396973e-01 7.296269536018371582e-01 -4.945714175701141357e-01
0.000000000000000000e+00 0.000000000000000000e+00 0.000000000000000000e+00 1.000000000000000000e+00
5.660135149955749512e-01 6.616929769515991211e-01 -4.917233884334564209e-01 3.429651260375976562e-01
-7.652221322059631348e-01 1.997941285371780396e-01 -6.119769215583801270e-01 4.962039589881896973e-01
-3.066979944705963135e-01 7.226642966270446777e-01 6.194288730621337891e-01 -5.493823289871215820e-01
0.000000000000000000e+00 0.000000000000000000e+00 0.000000000000000000e+00 1.000000000000000000e+00
1.603421173058450222e-03 -4.566762745380401611e-01 8.896315097808837891e-01 -6.972485184669494629e-01
-9.999916553497314453e-01 -4.135233350098133087e-03 -3.204791282769292593e-04 -2.825655043125152588e-02
3.825210733339190483e-03 -8.896229267120361328e-01 -4.566787779331207275e-01 4.278261065483093262e-01
0.000000000000000000e+00 0.000000000000000000e+00 0.000000000000000000e+00 1.000000000000000000e+00
