3.219537436962127686e-02 8.198758959770202637e-01 -5.716351866722106934e-01 4.015507996082305908e-01
9.955756068229675293e-01 -7.681805640459060669e-02 -5.410547927021980286e-02 -7.569094304926693439e-04
-8.827134221792221069e-02 -5.673632621765136719e-01 -8.187225461006164551e-01 4.351759552955627441e-01
0.000000000000000000e+00 0.000000000000000000e+00 0.000000000000000000e+00 1.000000000000000000e+00
-6.667878627777099609e-01 -5.797595381736755371e-01 4.682659506797790527e-01 -3.375106751918792725e-01
7.411251664161682129e-01 -4.498558938503265381e-01 4.983608722686767578e-01 -4.302081763744354248e-01
-7.827758789062500000e-02 6.793442368507385254e-01 7.296324968338012695e-01 -4.945683777332305908e-01
0.000000000000000000e+00 0.000000000000000000e+00 0.000000000000000000e+00 1.000000000000000000e+00
5.656553506851196289e-01 6.619435548782348633e-01 -4.917983710765838623e-01 3.430245220661163330e-01
-7.655013799667358398e-01 1.997136622667312622e-01 -6.116539239883422852e-01 4.959306418895721436e-01
-3.066620826721191406e-01 7.224570512771606445e-01 6.196883916854858398e-01 -5.495878458023071289e-01
0.000000000000000000e+00 0.000000000000000000e+00 0.000000000000000000e+00 1.000000000000000000e+00
1.608726452104747295e-03 -4.566393494606018066e-01 8.896504044532775879e-01 -6.972469091415405273e-01
-9.999901652336120605e-01 -4.463490564376115799e-03 -4.828287346754223108e-04 -2.810475230216979980e-02
4.191460087895393372e-03 -8.896402716636657715e-01 -4.566417336463928223e-01 4.277815520763397217e-01
0.000000000000000000e+00 0.000000000000000000e+00 0.000000000000000000e+00 1.000000000000000000e+00
