-2.737651467323303223e-01 6.039772033691406250e-01 -7.485079765319824219e-01 3.345161080360412598e-01
9.605444669723510742e-01 1.319843530654907227e-01 -2.448175847530364990e-01 1.249609664082527161e-01
-4.907271638512611389e-02 -7.859976291656494141e-01 -6.162796616554260254e-01 2.775362432003021240e-01
0.000000000000000000e+00 0.000000000000000000e+00 0.000000000000000000e+00 1.000000000000000000e+00
-7.681730985641479492e-01 -5.354186892509460449e-01 3.510501980781555176e-01 -1.628815233707427979e-01
3.329812288284301758e-01 -8.024239540100097656e-01 -4.952151477336883545e-01 3.990691602230072021e-01
5.468391180038452148e-01 -2.635179162025451660e-01 7.946854829788208008e-01 -5.946629643440246582e-01
0.000000000000000000e+00 0.000000000000000000e+00 0.000000000000000000e+00 1.000000000000000000e+00
8.283573389053344727e-01 5.303356051445007324e-01 -1.804664433002471924e-01 2.528412640094757080e-01
-4.165574610233306885e-01 7.985190153121948242e-01 4.345647692680358887e-01 -5.316354036331176758e-01
3.745716512203216553e-01 -2.848004698753356934e-01 8.823745250701904297e-01 -7.684626579284667969e-01
0.000000000000000000e+00 0.000000000000000000e+00 0.000000000000000000e+00 1.000000000000000000e+00
2.980141937732696533e-01 -7.423498034477233887e-01 6.000866889953613281e-01 -4.052844345569610596e-01
-9.542011618614196777e-01 -2.489570975303649902e-01 1.658959984779357910e-01 -1.766740232706069946e-01
2.624289132654666901e-02 -6.220424175262451172e-01 -7.825430035591125488e-01 6.786952018737792969e-01
0.000000000000000000e+00 0.000000000000000000e+00 0.000000000000000000e+00 1.000000000000000000e+00
