-2.737651467323303223e-01 6.039772033691406250e-01 -7.485079765319824219e-01 3.345161080360412598e-01
9.605444669723510742e-01 1.319843530654907227e-01 -2.448175847530364990e-01 1.249609664082527161e-01
-4.907271638512611389e-02 -7.859976291656494141e-01 -6.162796616554260254e-01 2.775362432003021240e-01
0.000000000000000000e+00 0.000000000000000000e+00 0.000000000000000000e+00 1.000000000000000000e+00
-7.686353325843811035e-01 -5.341550111770629883e-01 3.519622087478637695e-01 -1.635825037956237793e-01
3.316335380077362061e-01 -8.032402992248535156e-01 -4.947958290576934814e-01 3.988963663578033447e-01
5.470085740089416504e-01 -2.635951936244964600e-01 7.945432066917419434e-01 -5.946545600891113281e-01
0.000000000000000000e+00 0.000000000000000000e+00 0.000000000000000000e+00 1.000000000000000000e+00
8.287682533264160156e-01 5.292484164237976074e-01 -1.817667037248611450e-01 2.541972100734710693e-01
-4.150415956974029541e-01 7.992274761199951172e-01 4.347125887870788574e-01 -5.316079854965209961e-01
3.753445446491241455e-01 -2.848354876041412354e-01 8.820347785949707031e-01 -7.680629491806030273e-01
0.000000000000000000e+00 0.000000000000000000e+00 0.000000000000000000e+00 1.000000000000000000e+00
2.991209626197814941e-01 -7.421951889991760254e-01 5.997272133827209473e-01 -4.050300717353820801e-01
-9.538607001304626465e-01 -2.497154325246810913e-01 1.667122840881347656e-01 -1.772140413522720337e-01
2.602799050509929657e-02 -6.219229698181152344e-01 -7.826451063156127930e-01 6.788094043731689453e-01
0.000000000000000000e+00 0.000000000000000000e+00 0.000000000000000000e+00 1.000000000000000000e+00
