2.499169856309890747e-01 5.030465126037597656e-01 -8.273363709449768066e-01 4.489064216613769531e-01
9.616287350654602051e-01 -2.906943671405315399e-02 2.728087007999420166e-01 -6.830662488937377930e-02
1.131858527660369873e-01 -8.637707829475402832e-01 -4.910088479518890381e-01 3.009098172187805176e-01
0.000000000000000000e+00 0.000000000000000000e+00 0.000000000000000000e+00 1.000000000000000000e+00
-9.525656104087829590e-01 1.571870781481266022e-02 -3.039259612560272217e-01 3.138348162174224854e-01
2.993647754192352295e-01 2.280861437320709229e-01 -9.264758825302124023e-01 7.913380265235900879e-01
5.475841090083122253e-02 -9.735142588615417480e-01 -2.219729721546173096e-01 2.580241262912750244e-01
0.000000000000000000e+00 0.000000000000000000e+00 0.000000000000000000e+00 1.000000000000000000e+00
-2.667205035686492920e-01 -3.004799485206604004e-01 9.157360792160034180e-01 -8.870908617973327637e-01
-9.578438401222229004e-01 -2.259892970323562622e-02 -2.864004373550415039e-01 2.509540021419525146e-01
1.067522689700126648e-01 -9.535201191902160645e-01 -2.817849516868591309e-01 3.452955186367034912e-01
0.000000000000000000e+00 0.000000000000000000e+00 0.000000000000000000e+00 1.000000000000000000e+00
9.668511748313903809e-01 -1.700374633073806763e-01 1.904858499765396118e-01 -3.038054704666137695e-01
-2.413552999496459961e-01 -3.651052117347717285e-01 8.991362452507019043e-01 -6.978500485420227051e-01
-8.333919197320938110e-02 -9.153068661689758301e-01 -3.940427601337432861e-01 3.020153939723968506e-01
0.000000000000000000e+00 0.000000000000000000e+00 0.000000000000000000e+00 1.000000000000000000e+00
