2.499169856309890747e-01 5.030465126037597656e-01 -8.273363709449768066e-01 4.489064216613769531e-01
9.616287350654602051e-01 -2.906943671405315399e-02 2.728087007999420166e-01 -6.830662488937377930e-02
1.131858527660369873e-01 -8.637707829475402832e-01 -4.910088479518890381e-01 3.009098172187805176e-01
0.000000000000000000e+00 0.000000000000000000e+00 0.000000000000000000e+00 1.000000000000000000e+00
-9.525959491729736328e-01 1.552710868418216705e-02 -3.038406670093536377e-01 3.137399554252624512e-01
2.992387712001800537e-01 2.280956506729125977e-01 -9.265142679214477539e-01 7.914037704467773438e-01
5.491876229643821716e-02 -9.735150933265686035e-01 -2.219296395778656006e-01 2.579700350761413574e-01
0.000000000000000000e+00 0.000000000000000000e+00 0.000000000000000000e+00 1.000000000000000000e+00
-2.668652236461639404e-01 -3.005582690238952637e-01 9.156683087348937988e-01 -8.870431780815124512e-01
-9.577692151069641113e-01 -2.283620089292526245e-02 -2.866311073303222656e-01 2.512166202068328857e-01
1.070597246289253235e-01 -9.534898400306701660e-01 -2.817709743976593018e-01 3.452969193458557129e-01
0.000000000000000000e+00 0.000000000000000000e+00 0.000000000000000000e+00 1.000000000000000000e+00
9.668298363685607910e-01 -1.699252873659133911e-01 1.906942129135131836e-01 -3.040059208869934082e-01
-2.414838820695877075e-01 -3.648819923400878906e-01 8.991922736167907715e-01 -6.979811787605285645e-01
-8.321438729763031006e-02 -9.154166579246520996e-01 -3.938139081001281738e-01 3.018364012241363525e-01
0.000000000000000000e+00 0.000000000000000000e+00 0.000000000000000000e+00 1.000000000000000000e+00
