-6.967478990554809570e-01 3.504471778869628906e-01 -6.258832216262817383e-01 3.677025735378265381e-01
7.158147096633911133e-01 2.832458913326263428e-01 -6.382653117179870605e-01 3.062575459480285645e-01
-4.639934003353118896e-02 -8.927251696586608887e-01 -4.482058286666870117e-01 3.287035226821899414e-01
0.000000000000000000e+00 0.000000000000000000e+00 0.000000000000000000e+00 1.000000000000000000e+00
5.359237790107727051e-01 3.361397683620452881e-01 -7.744647860527038574e-01 5.536719560623168945e-01
-6.445707082748413086e-01 -4.295446872711181641e-01 -6.324723362922668457e-01 4.177061021327972412e-01
-5.452659726142883301e-01 8.381533026695251465e-01 -1.353774033486843109e-02 -2.433099411427974701e-02
0.000000000000000000e+00 0.000000000000000000e+00 0.000000000000000000e+00 1.000000000000000000e+00
-7.006806135177612305e-01 -4.686325788497924805e-01 5.379875302314758301e-01 -5.943868756294250488e-01
-1.187410131096839905e-01 8.201166987419128418e-01 5.597407817840576172e-01 -7.874913215637207031e-01
-7.035244703292846680e-01 3.283182084560394287e-01 -6.302856206893920898e-01 9.381918311119079590e-01
0.000000000000000000e+00 0.000000000000000000e+00 0.000000000000000000e+00 1.000000000000000000e+00
1.207995936274528503e-01 9.556602239608764648e-01 2.685546875000000000e-01 -1.525836586952209473e-01
-8.182110786437988281e-01 -5.732889845967292786e-02 5.720518231391906738e-01 -3.309987187385559082e-01
5.620828866958618164e-01 -2.888384759426116943e-01 7.750067114830017090e-01 -3.946507871150970459e-01
0.000000000000000000e+00 0.000000000000000000e+00 0.000000000000000000e+00 1.000000000000000000e+00
