-6.967478990554809570e-01 3.504471778869628906e-01 -6.258832216262817383e-01 3.677025735378265381e-01
7.158147096633911133e-01 2.832458913326263428e-01 -6.382653117179870605e-01 3.062575459480285645e-01
-4.639934003353118896e-02 -8.927251696586608887e-01 -4.482058286666870117e-01 3.287035226821899414e-01
0.000000000000000000e+00 0.000000000000000000e+00 0.000000000000000000e+00 1.000000000000000000e+00
5.356701612472534180e-01 3.362211287021636963e-01 -7.746050357818603516e-01 5.537527203559875488e-01
-6.448053717613220215e-01 -4.294359982013702393e-01 -6.323069930076599121e-01 4.175991714000701904e-01
-5.452378392219543457e-01 8.381763696670532227e-01 -1.323924213647842407e-02 -2.454392239451408386e-02
0.000000000000000000e+00 0.000000000000000000e+00 0.000000000000000000e+00 1.000000000000000000e+00
-7.004331350326538086e-01 -4.684771001338958740e-01 5.384449362754821777e-01 -5.950389504432678223e-01
-1.184447854757308960e-01 8.202601671218872070e-01 5.595933198928833008e-01 -7.873731255531311035e-01
-7.038207054138183594e-01 3.281815648078918457e-01 -6.300259232521057129e-01 9.378942847251892090e-01
0.000000000000000000e+00 0.000000000000000000e+00 0.000000000000000000e+00 1.000000000000000000e+00
1.206777989864349365e-01 9.556732773780822754e-01 2.685629725456237793e-01 -1.525795608758926392e-01
-8.183465003967285156e-01 -5.736481398344039917e-02 5.718544721603393555e-01 -3.308896422386169434e-01
5.619118809700012207e-01 -2.887881696224212646e-01 7.751494646072387695e-01 -3.947312533855438232e-01
0.000000000000000000e+00 0.000000000000000000e+00 0.000000000000000000e+00 1.000000000000000000e+00
