5.605540871620178223e-01 -3.746858537197113037e-01 7.385048270225524902e-01 -6.684558391571044922e-01
-8.272615075111389160e-01 -2.939124703407287598e-01 4.788047671318054199e-01 -4.857617020606994629e-01
3.765416517853736877e-02 -8.793335556983947754e-01 -4.747164845466613770e-01 4.875751733779907227e-01
0.000000000000000000e+00 0.000000000000000000e+00 0.000000000000000000e+00 1.000000000000000000e+00
-8.398117423057556152e-01 -1.207637488842010498e-01 5.292751193046569824e-01 -5.764333009719848633e-01
6.055698264390230179e-03 9.727992415428161621e-01 2.315702140331268311e-01 -2.320778220891952515e-01
-5.428444147109985352e-01 1.976801455020904541e-01 -8.162371516227722168e-01 9.444093108177185059e-01
0.000000000000000000e+00 0.000000000000000000e+00 0.000000000000000000e+00 1.000000000000000000e+00
-3.345861285924911499e-02 9.063968062400817871e-01 4.210999608039855957e-01 -4.266805946826934814e-01
7.503651380538940430e-01 -2.555305361747741699e-01 6.096370220184326172e-01 -5.573440194129943848e-01
6.601766347885131836e-01 3.363757431507110596e-01 -6.715786457061767578e-01 5.221890807151794434e-01
0.000000000000000000e+00 0.000000000000000000e+00 0.000000000000000000e+00 1.000000000000000000e+00
-4.481268227100372314e-01 -1.146649196743965149e-01 -8.865853548049926758e-01 5.676245093345642090e-01
8.180654048919677734e-01 3.473130166530609131e-01 -4.584123492240905762e-01 2.902436554431915283e-01
3.604875206947326660e-01 -9.307118654251098633e-01 -6.183654069900512695e-02 4.284914582967758179e-02
0.000000000000000000e+00 0.000000000000000000e+00 0.000000000000000000e+00 1.000000000000000000e+00
