5.605540871620178223e-01 -3.746858537197113037e-01 7.385048270225524902e-01 -6.684558391571044922e-01
-8.272615075111389160e-01 -2.939124703407287598e-01 4.788047671318054199e-01 -4.857617020606994629e-01
3.765416517853736877e-02 -8.793335556983947754e-01 -4.747164845466613770e-01 4.875751733779907227e-01
0.000000000000000000e+00 0.000000000000000000e+00 0.000000000000000000e+00 1.000000000000000000e+00
-8.400031924247741699e-01 -1.204107031226158142e-01 5.290516614913940430e-01 -5.762391686439514160e-01
6.273900624364614487e-03 9.728437066078186035e-01 2.313776314258575439e-01 -2.317638397216796875e-01
-5.425456166267395020e-01 1.976767927408218384e-01 -8.164366483688354492e-01 9.444980621337890625e-01
0.000000000000000000e+00 0.000000000000000000e+00 0.000000000000000000e+00 1.000000000000000000e+00
-3.509239479899406433e-02 9.064854979515075684e-01 4.207759201526641846e-01 -4.263674020767211914e-01
7.497103214263916016e-01 -2.545285522937774658e-01 6.108605861663818359e-01 -5.584635138511657715e-01
6.608354449272155762e-01 3.368960320949554443e-01 -6.706692576408386230e-01 5.214245915412902832e-01
0.000000000000000000e+00 0.000000000000000000e+00 0.000000000000000000e+00 1.000000000000000000e+00
-4.480336010456085205e-01 -1.143984720110893250e-01 -8.866668343544006348e-01 5.675257444381713867e-01
8.182368874549865723e-01 3.471324145793914795e-01 -4.582431614398956299e-01 2.900604605674743652e-01
3.602142035961151123e-01 -9.308120012283325195e-01 -6.192160397768020630e-02 4.291210696101188660e-02
0.000000000000000000e+00 0.000000000000000000e+00 0.000000000000000000e+00 1.000000000000000000e+00
