-9.690123796463012695e-01 -1.553716361522674561e-01 1.920272111892700195e-01 -3.230070769786834717e-01
9.184009581804275513e-02 -9.482898116111755371e-01 -3.038280010223388672e-01 4.422709643840789795e-01
2.293047308921813965e-01 -2.767766714096069336e-01 9.331742525100708008e-01 -8.610503673553466797e-01
0.000000000000000000e+00 0.000000000000000000e+00 0.000000000000000000e+00 1.000000000000000000e+00
9.350538849830627441e-01 -1.706414371728897095e-01 3.107326924800872803e-01 -2.751846015453338623e-01
3.519036769866943359e-01 3.407969772815704346e-01 -8.717925548553466797e-01 1.187036991119384766e+00
4.286679998040199280e-02 9.245210289955139160e-01 3.787130117416381836e-01 -4.873594045639038086e-01
0.000000000000000000e+00 0.000000000000000000e+00 0.000000000000000000e+00 1.000000000000000000e+00
-2.166393846273422241e-01 5.667166113853454590e-01 -7.949209213256835938e-01 3.496237099170684814e-01
9.743161797523498535e-01 7.425281405448913574e-02 -2.125933170318603516e-01 8.021876960992813110e-02
-6.145499274134635925e-02 -8.205609321594238281e-01 -5.682464838027954102e-01 2.957739233970642090e-01
0.000000000000000000e+00 0.000000000000000000e+00 0.000000000000000000e+00 1.000000000000000000e+00
1.649602800607681274e-01 -5.830886363983154297e-01 7.954846620559692383e-01 -8.166812658309936523e-01
-9.857553839683532715e-01 -1.242748051881790161e-01 1.133232265710830688e-01 8.167763799428939819e-02
3.278134390711784363e-02 -8.028475046157836914e-01 -5.952829122543334961e-01 6.463261246681213379e-01
0.000000000000000000e+00 0.000000000000000000e+00 0.000000000000000000e+00 1.000000000000000000e+00
