-9.690123796463012695e-01 -1.553716361522674561e-01 1.920272111892700195e-01 -3.230070769786834717e-01
9.184009581804275513e-02 -9.482898116111755371e-01 -3.038280010223388672e-01 4.422709643840789795e-01
2.293047308921813965e-01 -2.767766714096069336e-01 9.331742525100708008e-01 -8.610503673553466797e-01
0.000000000000000000e+00 0.000000000000000000e+00 0.000000000000000000e+00 1.000000000000000000e+00
9.350150227546691895e-01 -1.706235259771347046e-01 3.108594417572021484e-01 -2.753469347953796387e-01
3.520178794860839844e-01 3.408583402633666992e-01 -8.717224597930908203e-01 1.186930179595947266e+00
4.277696833014488220e-02 9.245016574859619141e-01 3.787703216075897217e-01 -4.874327778816223145e-01
0.000000000000000000e+00 0.000000000000000000e+00 0.000000000000000000e+00 1.000000000000000000e+00
-2.167079597711563110e-01 5.667002797126770020e-01 -7.949138879776000977e-01 3.496173918247222900e-01
9.742959737777709961e-01 7.422425597906112671e-02 -2.126956284046173096e-01 8.027543872594833374e-02
-6.153272464871406555e-02 -8.205748200416564941e-01 -5.682180523872375488e-01 2.957634031772613525e-01
0.000000000000000000e+00 0.000000000000000000e+00 0.000000000000000000e+00 1.000000000000000000e+00
1.649473011493682861e-01 -5.830411314964294434e-01 7.955221533775329590e-01 -8.167320489883422852e-01
-9.857558608055114746e-01 -1.243004873394966125e-01 1.132905110716819763e-01 8.171883970499038696e-02
3.283087909221649170e-02 -8.028780221939086914e-01 -5.952389836311340332e-01 6.462764739990234375e-01
0.000000000000000000e+00 0.000000000000000000e+00 0.000000000000000000e+00 1.000000000000000000e+00
