3.154446780681610107e-01 -4.103901088237762451e-01 8.556128740310668945e-01 -7.445741891860961914e-01
-1.569186709821224213e-02 8.992686867713928223e-01 4.371148943901062012e-01 -4.866777658462524414e-01
-9.488137960433959961e-01 -1.513123959302902222e-01 2.772300839424133301e-01 -2.986106872558593750e-01
0.000000000000000000e+00 0.000000000000000000e+00 0.000000000000000000e+00 1.000000000000000000e+00
1.298513114452362061e-01 -3.326871395111083984e-01 9.340544939041137695e-01 -5.571180582046508789e-01
-3.763830661773681641e-02 -9.430052638053894043e-01 -3.306434452533721924e-01 2.953038215637207031e-01
9.908188581466674805e-01 7.778180763125419617e-03 -1.349717676639556885e-01 4.660773277282714844e-02
0.000000000000000000e+00 0.000000000000000000e+00 0.000000000000000000e+00 1.000000000000000000e+00
-9.453328847885131836e-01 -2.440127581357955933e-01 2.163407206535339355e-01 -2.167772203683853149e-01
-3.100757300853729248e-01 4.671367406845092773e-01 -8.280319571495056152e-01 9.740644097328186035e-01
1.009899899363517761e-01 -8.498480319976806641e-01 -5.172616243362426758e-01 4.984818100929260254e-01
0.000000000000000000e+00 0.000000000000000000e+00 0.000000000000000000e+00 1.000000000000000000e+00
9.600171446800231934e-01 1.387169063091278076e-01 -2.431563884019851685e-01 1.988501101732254028e-01
2.798755168914794922e-01 -4.944932162761688232e-01 8.228894472122192383e-01 -4.781061112880706787e-01
-6.090435199439525604e-03 -8.580408692359924316e-01 -5.135455131530761719e-01 3.061833977699279785e-01
0.000000000000000000e+00 0.000000000000000000e+00 0.000000000000000000e+00 1.000000000000000000e+00
