3.154446780681610107e-01 -4.103901088237762451e-01 8.556128740310668945e-01 -7.445741891860961914e-01
-1.569186709821224213e-02 8.992686867713928223e-01 4.371148943901062012e-01 -4.866777658462524414e-01
-9.488137960433959961e-01 -1.513123959302902222e-01 2.772300839424133301e-01 -2.986106872558593750e-01
0.000000000000000000e+00 0.000000000000000000e+00 0.000000000000000000e+00 1.000000000000000000e+00
1.297452449798583984e-01 -3.336212635040283203e-01 9.337360262870788574e-01 -5.568620562553405762e-01
-3.722399845719337463e-02 -9.426710009574890137e-01 -3.316420316696166992e-01 2.958613634109497070e-01
9.908484220504760742e-01 8.271513506770133972e-03 -1.347253024578094482e-01 4.647063091397285461e-02
0.000000000000000000e+00 0.000000000000000000e+00 0.000000000000000000e+00 1.000000000000000000e+00
-9.455975890159606934e-01 -2.430184334516525269e-01 2.163030654191970825e-01 -2.166702002286911011e-01
-3.094737827777862549e-01 4.668051898479461670e-01 -8.284440040588378906e-01 9.745951890945434570e-01
1.003561168909072876e-01 -8.503150343894958496e-01 -5.166172385215759277e-01 4.977921843528747559e-01
0.000000000000000000e+00 0.000000000000000000e+00 0.000000000000000000e+00 1.000000000000000000e+00
9.598610401153564453e-01 1.393827795982360840e-01 -2.433919012546539307e-01 1.989631205797195435e-01
2.804144918918609619e-01 -4.951688349246978760e-01 8.222994804382324219e-01 -4.776707589626312256e-01
-5.905614234507083893e-03 -8.575431704521179199e-01 -5.143782496452331543e-01 3.066673278808593750e-01
0.000000000000000000e+00 0.000000000000000000e+00 0.000000000000000000e+00 1.000000000000000000e+00
