8.946406841278076172e-01 1.665870845317840576e-01 -4.145698845386505127e-01 1.667170524597167969e-01
-8.650189638137817383e-02 -8.457505702972412109e-01 -5.265194773674011230e-01 3.820917010307312012e-01
-4.383330941200256348e-01 5.069065093994140625e-01 -7.422323226928710938e-01 5.637314319610595703e-01
0.000000000000000000e+00 0.000000000000000000e+00 0.000000000000000000e+00 1.000000000000000000e+00
-4.862206876277923584e-01 5.461497306823730469e-01 -6.821367144584655762e-01 4.196743965148925781e-01
8.715882301330566406e-01 2.471530735492706299e-01 -4.233773946762084961e-01 1.470789909362792969e-01
-6.263510137796401978e-02 -8.003970384597778320e-01 -5.961893200874328613e-01 3.512040376663208008e-01
0.000000000000000000e+00 0.000000000000000000e+00 0.000000000000000000e+00 1.000000000000000000e+00
-6.176353693008422852e-01 -2.481588721275329590e-01 7.462871074676513672e-01 -5.681291818618774414e-01
-7.857712507247924805e-01 2.345406562089920044e-01 -5.723228454589843750e-01 3.997945785522460938e-01
-3.300765156745910645e-02 -9.398984313011169434e-01 -3.398562967777252197e-01 2.867802679538726807e-01
0.000000000000000000e+00 0.000000000000000000e+00 0.000000000000000000e+00 1.000000000000000000e+00
6.076501607894897461e-01 -3.679145276546478271e-01 7.038466334342956543e-01 -7.633193135261535645e-01
-1.045388448983430862e-02 8.824467062950134277e-01 4.702974259853363037e-01 -6.179906725883483887e-01
-7.941362857818603516e-01 -2.931341528892517090e-01 5.323728919029235840e-01 -6.091597080230712891e-01
0.000000000000000000e+00 0.000000000000000000e+00 0.000000000000000000e+00 1.000000000000000000e+00
