8.946406841278076172e-01 1.665870845317840576e-01 -4.145698845386505127e-01 1.667170524597167969e-01
-8.650189638137817383e-02 -8.457505702972412109e-01 -5.265194773674011230e-01 3.820917010307312012e-01
-4.383330941200256348e-01 5.069065093994140625e-01 -7.422323226928710938e-01 5.637314319610595703e-01
0.000000000000000000e+00 0.000000000000000000e+00 0.000000000000000000e+00 1.000000000000000000e+00
-4.854289591312408447e-01 5.461417436599731445e-01 -6.827068328857421875e-01 4.199101924896240234e-01
8.720272183418273926e-01 2.464850693941116333e-01 -4.228624999523162842e-01 1.467304080724716187e-01
-6.266565620899200439e-02 -8.006085157394409180e-01 -5.959021449089050293e-01 3.510271310806274414e-01
0.000000000000000000e+00 0.000000000000000000e+00 0.000000000000000000e+00 1.000000000000000000e+00
-6.178478002548217773e-01 -2.484910339117050171e-01 7.460006475448608398e-01 -5.678963661193847656e-01
-7.856147289276123047e-01 2.346104830503463745e-01 -5.725090503692626953e-01 3.998845517635345459e-01
-3.275619074702262878e-02 -9.397932291030883789e-01 -3.401713669300079346e-01 2.869428992271423340e-01
0.000000000000000000e+00 0.000000000000000000e+00 0.000000000000000000e+00 1.000000000000000000e+00
6.082637310028076172e-01 -3.667148947715759277e-01 7.039426565170288086e-01 -7.634794712066650391e-01
-1.083505526185035706e-02 8.829554915428161621e-01 4.693329632282257080e-01 -6.170136332511901855e-01
-7.936612963676452637e-01 -2.931053638458251953e-01 5.330965518951416016e-01 -6.099497675895690918e-01
0.000000000000000000e+00 0.000000000000000000e+00 0.000000000000000000e+00 1.000000000000000000e+00
