-3.069271445274353027e-01 -3.558095395565032959e-01 8.827205300331115723e-01 -9.789307117462158203e-01
-9.385051727294921875e-01 -4.094769433140754700e-02 -3.428286314010620117e-01 3.791723251342773438e-01
1.581270843744277954e-01 -9.336609244346618652e-01 -3.213610947132110596e-01 4.063842296600341797e-01
0.000000000000000000e+00 0.000000000000000000e+00 0.000000000000000000e+00 1.000000000000000000e+00
1.388034075498580933e-01 -3.298610448837280273e-01 9.337695837020874023e-01 -9.018993973731994629e-01
9.896738529205322266e-01 1.214048545807600021e-02 -1.428244709968566895e-01 7.063528895378112793e-02
3.577581420540809631e-02 9.439510703086853027e-01 3.281405270099639893e-01 -3.789784610271453857e-01
0.000000000000000000e+00 0.000000000000000000e+00 0.000000000000000000e+00 1.000000000000000000e+00
9.736722707748413086e-01 -1.193429380655288696e-01 -1.942193061113357544e-01 2.262738794088363647e-01
-1.652215421199798584e-01 2.175293862819671631e-01 -9.619686007499694824e-01 8.710781335830688477e-01
1.570522934198379517e-01 9.687301516532897949e-01 1.920841932296752930e-01 -2.930649518966674805e-01
0.000000000000000000e+00 0.000000000000000000e+00 0.000000000000000000e+00 1.000000000000000000e+00
-9.002131223678588867e-01 5.276237055659294128e-02 -4.322408735752105713e-01 1.364067494869232178e-01
4.099563658237457275e-01 4.373364746570587158e-01 -8.004195690155029297e-01 4.411140680313110352e-01
1.468028724193572998e-01 -8.977486491203308105e-01 -4.153258800506591797e-01 1.587137281894683838e-01
0.000000000000000000e+00 0.000000000000000000e+00 0.000000000000000000e+00 1.000000000000000000e+00
