-3.069271445274353027e-01 -3.558095395565032959e-01 8.827205300331115723e-01 -9.789307117462158203e-01
-9.385051727294921875e-01 -4.094769433140754700e-02 -3.428286314010620117e-01 3.791723251342773438e-01
1.581270843744277954e-01 -9.336609244346618652e-01 -3.213610947132110596e-01 4.063842296600341797e-01
0.000000000000000000e+00 0.000000000000000000e+00 0.000000000000000000e+00 1.000000000000000000e+00
1.388477534055709839e-01 -3.299792110919952393e-01 9.337212443351745605e-01 -9.018203616142272949e-01
9.896681904792785645e-01 1.218703668564558029e-02 -1.428600251674652100e-01 7.066577672958374023e-02
3.576154634356498718e-02 9.439091086387634277e-01 3.282625973224639893e-01 -3.790746927261352539e-01
0.000000000000000000e+00 0.000000000000000000e+00 0.000000000000000000e+00 1.000000000000000000e+00
9.737147092819213867e-01 -1.192802265286445618e-01 -1.940450966358184814e-01 2.261034548282623291e-01
-1.650778204202651978e-01 2.174299657344818115e-01 -9.620157480239868164e-01 8.711526989936828613e-01
1.569404006004333496e-01 9.687602519989013672e-01 1.920241266489028931e-01 -2.930148541927337646e-01
0.000000000000000000e+00 0.000000000000000000e+00 0.000000000000000000e+00 1.000000000000000000e+00
-9.002578854560852051e-01 5.287575349211692810e-02 -4.321337044239044189e-01 1.363653242588043213e-01
4.098989665508270264e-01 4.373901784420013428e-01 -8.004195690155029297e-01 4.411208033561706543e-01
1.466884762048721313e-01 -8.977158069610595703e-01 -4.154373109340667725e-01 1.587640941143035889e-01
0.000000000000000000e+00 0.000000000000000000e+00 0.000000000000000000e+00 1.000000000000000000e+00
