-8.337544202804565430e-01 -1.452572196722030640e-01 5.326843857765197754e-01 -4.886092841625213623e-01
-2.386649325489997864e-02 -9.543898105621337891e-01 -2.976073026657104492e-01 2.711703479290008545e-01
5.516194701194763184e-01 -2.608449161052703857e-01 7.922602295875549316e-01 -4.955517947673797607e-01
0.000000000000000000e+00 0.000000000000000000e+00 0.000000000000000000e+00 1.000000000000000000e+00
5.831023454666137695e-01 5.801436901092529297e-01 -5.687042474746704102e-01 2.738488316535949707e-01
-8.116670250892639160e-01 3.863220810890197754e-01 -4.381236732006072998e-01 2.662554979324340820e-01
-3.447175025939941406e-02 7.170690894126892090e-01 6.961489319801330566e-01 -3.172693848609924316e-01
0.000000000000000000e+00 0.000000000000000000e+00 0.000000000000000000e+00 1.000000000000000000e+00
8.227755427360534668e-01 9.935012459754943848e-02 5.596159100532531738e-01 -4.568974971771240234e-01
1.724672615528106689e-01 -9.818209409713745117e-01 -7.926453649997711182e-02 1.038327291607856750e-01
5.415675044059753418e-01 1.617324352264404297e-01 -8.249524235725402832e-01 5.150671005249023438e-01
0.000000000000000000e+00 0.000000000000000000e+00 0.000000000000000000e+00 1.000000000000000000e+00
-9.534418582916259766e-01 1.185908168554306030e-01 -2.772841453552246094e-01 2.137944251298904419e-01
2.964836955070495605e-01 5.368868708610534668e-01 -7.898412942886352539e-01 6.071174740791320801e-01
5.520227923989295959e-02 -8.352775573730468750e-01 -5.470502376556396484e-01 4.587181210517883301e-01
0.000000000000000000e+00 0.000000000000000000e+00 0.000000000000000000e+00 1.000000000000000000e+00
