-8.337544202804565430e-01 -1.452572196722030640e-01 5.326843857765197754e-01 -4.886092841625213623e-01
-2.386649325489997864e-02 -9.543898105621337891e-01 -2.976073026657104492e-01 2.711703479290008545e-01
5.516194701194763184e-01 -2.608449161052703857e-01 7.922602295875549316e-01 -4.955517947673797607e-01
0.000000000000000000e+00 0.000000000000000000e+00 0.000000000000000000e+00 1.000000000000000000e+00
5.832713246345520020e-01 5.800390839576721191e-01 -5.686376690864562988e-01 2.738071382045745850e-01
-8.115485310554504395e-01 3.864865899085998535e-01 -4.381979703903198242e-01 2.662880718708038330e-01
-3.440118581056594849e-02 7.170650959014892578e-01 6.961565613746643066e-01 -3.172686696052551270e-01
0.000000000000000000e+00 0.000000000000000000e+00 0.000000000000000000e+00 1.000000000000000000e+00
8.227863907814025879e-01 9.920059889554977417e-02 5.596265792846679688e-01 -4.568786919116973877e-01
1.723186969757080078e-01 -9.818436503410339355e-01 -7.930624485015869141e-02 1.038604825735092163e-01
5.415984392166137695e-01 1.616863012313842773e-01 -8.249412178993225098e-01 5.150463581085205078e-01
0.000000000000000000e+00 0.000000000000000000e+00 0.000000000000000000e+00 1.000000000000000000e+00
-9.535149931907653809e-01 1.185176596045494080e-01 -2.770641148090362549e-01 2.136379927396774292e-01
2.962574958801269531e-01 5.369513630867004395e-01 -7.898823618888854980e-01 6.071524024009704590e-01
5.515494197607040405e-02 -8.352465033531188965e-01 -5.471025109291076660e-01 4.587561786174774170e-01
0.000000000000000000e+00 0.000000000000000000e+00 0.000000000000000000e+00 1.000000000000000000e+00
