-6.874964386224746704e-02 8.278316855430603027e-01 -5.567488074302673340e-01 4.685595035552978516e-01
-5.320970714092254639e-02 -5.603169798851013184e-01 -8.265672326087951660e-01 8.064777255058288574e-01
-9.962141513824462891e-01 -2.720161154866218567e-02 8.257037401199340820e-02 4.315105825662612915e-02
0.000000000000000000e+00 0.000000000000000000e+00 0.000000000000000000e+00 1.000000000000000000e+00
9.727905988693237305e-01 1.545708924531936646e-01 -1.725846230983734131e-01 9.211034327745437622e-02
2.198944538831710815e-01 -3.813893198966979980e-01 8.978800177574157715e-01 -4.704383015632629395e-01
7.296460121870040894e-02 -9.113999605178833008e-01 -4.050013720989227295e-01 1.871578991413116455e-01
0.000000000000000000e+00 0.000000000000000000e+00 0.000000000000000000e+00 1.000000000000000000e+00
-9.851610660552978516e-01 -1.202663183212280273e-01 1.224517971277236938e-01 -1.886062622070312500e-01
-1.616659611463546753e-01 4.106389582157135010e-01 -8.973515033721923828e-01 7.541612982749938965e-01
5.763752013444900513e-02 -9.038317799568176270e-01 -4.239885807037353516e-01 5.301092863082885742e-01
0.000000000000000000e+00 0.000000000000000000e+00 0.000000000000000000e+00 1.000000000000000000e+00
3.604921996593475342e-01 -4.289903938770294189e-01 8.282591104507446289e-01 -6.514595746994018555e-01
1.826927810907363892e-01 -8.382923007011413574e-01 -5.137017965316772461e-01 4.974236786365509033e-01
9.146959781646728516e-01 3.365020751953125000e-01 -2.238245904445648193e-01 1.074674353003501892e-01
0.000000000000000000e+00 0.000000000000000000e+00 0.000000000000000000e+00 1.000000000000000000e+00
