-6.874964386224746704e-02 8.278316855430603027e-01 -5.567488074302673340e-01 4.685595035552978516e-01
-5.320970714092254639e-02 -5.603169798851013184e-01 -8.265672326087951660e-01 8.064777255058288574e-01
-9.962141513824462891e-01 -2.720161154866218567e-02 8.257037401199340820e-02 4.315105825662612915e-02
0.000000000000000000e+00 0.000000000000000000e+00 0.000000000000000000e+00 1.000000000000000000e+00
9.728359580039978027e-01 1.545112878084182739e-01 -1.723824590444564819e-01 9.200385212898254395e-02
2.196792066097259521e-01 -3.813367486000061035e-01 8.979550600051879883e-01 -4.704630374908447266e-01
7.300885021686553955e-02 -9.114320278167724609e-01 -4.049211442470550537e-01 1.871127486228942871e-01
0.000000000000000000e+00 0.000000000000000000e+00 0.000000000000000000e+00 1.000000000000000000e+00
-9.851620197296142578e-01 -1.203471943736076355e-01 1.223646923899650574e-01 -1.885083913803100586e-01
-1.616193950176239014e-01 4.106108844280242920e-01 -8.973727226257324219e-01 7.541936039924621582e-01
5.775185674428939819e-02 -9.038337469100952148e-01 -4.239687919616699219e-01 5.301111936569213867e-01
0.000000000000000000e+00 0.000000000000000000e+00 0.000000000000000000e+00 1.000000000000000000e+00
3.606467545032501221e-01 -4.290477931499481201e-01 8.281620740890502930e-01 -6.513513922691345215e-01
1.826634407043457031e-01 -8.382321596145629883e-01 -5.138102173805236816e-01 4.974907636642456055e-01
9.146409034729003906e-01 3.365785181522369385e-01 -2.239345610141754150e-01 1.075411066412925720e-01
0.000000000000000000e+00 0.000000000000000000e+00 0.000000000000000000e+00 1.000000000000000000e+00
