9.594855308532714844e-01 -1.500853151082992554e-01 -2.384581565856933594e-01 1.174039617180824280e-01
1.751280725002288818e-01 9.806551337242126465e-01 8.744074404239654541e-02 -1.765518337488174438e-01
2.207219898700714111e-01 -1.256586015224456787e-01 9.672088623046875000e-01 -8.339943885803222656e-01
0.000000000000000000e+00 0.000000000000000000e+00 0.000000000000000000e+00 1.000000000000000000e+00
-3.838241100311279297e-01 5.171405076980590820e-01 -7.650126814842224121e-01 6.990154385566711426e-01
9.152327179908752441e-01 1.030690744519233704e-01 -3.895202577114105225e-01 4.030684232711791992e-01
-1.225879788398742676e-01 -8.496717214584350586e-01 -5.128641128540039062e-01 6.696856021881103516e-01
0.000000000000000000e+00 0.000000000000000000e+00 0.000000000000000000e+00 1.000000000000000000e+00
-6.333565711975097656e-02 -5.645771026611328125e-01 8.229468464851379395e-01 -1.021804332733154297e+00
-9.938136935234069824e-01 1.110612377524375916e-01 -2.927079040091484785e-04 3.097275458276271820e-02
-9.123227745294570923e-02 -8.178742527961730957e-01 -5.681179761886596680e-01 5.427193045616149902e-01
0.000000000000000000e+00 0.000000000000000000e+00 0.000000000000000000e+00 1.000000000000000000e+00
9.963360428810119629e-01 8.540008962154388428e-02 4.491351544857025146e-03 -2.538138441741466522e-02
3.742388263344764709e-02 -4.826243817806243896e-01 8.750280141830444336e-01 -1.031501412391662598e+00
7.689474523067474365e-02 -8.716540932655334473e-01 -4.840519726276397705e-01 5.782665014266967773e-01
0.000000000000000000e+00 0.000000000000000000e+00 0.000000000000000000e+00 1.000000000000000000e+00
