9.594855308532714844e-01 -1.500853151082992554e-01 -2.384581565856933594e-01 1.174039617180824280e-01
1.751280725002288818e-01 9.806551337242126465e-01 8.744074404239654541e-02 -1.765518337488174438e-01
2.207219898700714111e-01 -1.256586015224456787e-01 9.672088623046875000e-01 -8.339943885803222656e-01
0.000000000000000000e+00 0.000000000000000000e+00 0.000000000000000000e+00 1.000000000000000000e+00
-3.836288154125213623e-01 5.172163844108581543e-01 -7.650592923164367676e-01 6.990682482719421387e-01
9.153344631195068359e-01 1.031238138675689697e-01 -3.892666697502136230e-01 4.028081893920898438e-01
-1.224397048354148865e-01 -8.496188521385192871e-01 -5.129870176315307617e-01 6.698306202888488770e-01
0.000000000000000000e+00 0.000000000000000000e+00 0.000000000000000000e+00 1.000000000000000000e+00
-6.330890208482742310e-02 -5.646268725395202637e-01 8.229147195816040039e-01 -1.021819949150085449e+00
-9.938259124755859375e-01 1.109513938426971436e-01 -3.299941017758101225e-04 3.101236186921596527e-02
-9.111726284027099609e-02 -8.178547024726867676e-01 -5.681644082069396973e-01 5.428059697151184082e-01
0.000000000000000000e+00 0.000000000000000000e+00 0.000000000000000000e+00 1.000000000000000000e+00
9.963407516479492188e-01 8.534722030162811279e-02 4.447859711945056915e-03 -2.534206397831439972e-02
3.742725402116775513e-02 -4.825218021869659424e-01 8.750844001770019531e-01 -1.031607151031494141e+00
7.683184742927551270e-02 -8.717160820960998535e-01 -4.839503765106201172e-01 5.781806111335754395e-01
0.000000000000000000e+00 0.000000000000000000e+00 0.000000000000000000e+00 1.000000000000000000e+00
